# Etude d'un circuit RC en régime libre.
#
# On a pris une résistance R = 100kOhm
# Les valeurs de tension uc ne correspondent pas à une tension mais à son codage binaire.
# Ses valeurs sont entre 0 et 1023. 0 correspond à une tension de 0V et 1023 à une tension de 5V.
#
t(microsecondes), uc(binaire)
4.00e+00;1008
2.68e+02;990
1.71e+03;972
6.47e+03;954
1.86e+04;939
4.51e+04;922
9.67e+04;905
1.89e+05;890
3.45e+05;875
5.94e+05;860
9.76e+05;845
1.54e+06;831
2.36e+06;818
3.50e+06;806
5.07e+06;791
7.18e+06;779
9.98e+06;767
1.36e+07;755
1.83e+07;743
2.43e+07;731
3.18e+07;721
4.12e+07;709
5.27e+07;698
6.68e+07;687
8.39e+07;677
1.04e+08;667
1.29e+08;658
1.58e+08;648
1.93e+08;637
2.34e+08;628
2.81e+08;613
3.37e+08;594
4.01e+08;576
4.75e+08;557
5.60e+08;541
6.58e+08;523
7.69e+08;508
8.95e+08;492
1.04e+09;478
1.20e+09;464
1.38e+09;449
1.59e+09;436
1.82e+09;424
2.08e+09;411
2.37e+09;400
2.69e+09;387
3.04e+09;376
3.44e+09;366
3.88e+09;355
4.36e+09;346
4.89e+09;336
5.48e+09;326
6.13e+09;318
6.84e+09;307
7.62e+09;299
8.47e+09;290
9.40e+09;283
1.04e+10;276
1.15e+10;267
1.27e+10;260
1.40e+10;254
1.55e+10;245
1.70e+10;240
1.87e+10;232
2.05e+10;226
2.24e+10;221
2.46e+10;214
2.68e+10;209
2.93e+10;204
3.20e+10;197
3.48e+10;192
3.79e+10;187
4.11e+10;182
4.47e+10;177
4.85e+10;172
5.25e+10;168
5.68e+10;162
6.15e+10;159
6.64e+10;156
7.17e+10;151
7.73e+10;147
8.34e+10;142
8.98e+10;139
9.66e+10;135
1.04e+11;132
1.12e+11;129
1.20e+11;126
1.28e+11;122
1.38e+11;119
1.47e+11;115
1.58e+11;113
1.69e+11;109
1.80e+11;106
1.93e+11;104
2.06e+11;101
2.19e+11;99
2.34e+11;96
2.49e+11;93
2.65e+11;91
2.82e+11;88
3.00e+11;87
3.19e+11;85
3.39e+11;82
3.60e+11;81
3.82e+11;79
4.05e+11;77
4.29e+11;75
4.55e+11;73
4.82e+11;71
5.10e+11;69
5.40e+11;67
5.70e+11;66
6.03e+11;64
6.37e+11;63
6.73e+11;62
7.10e+11;59
7.49e+11;58
7.90e+11;56
8.32e+11;55
8.77e+11;54
9.23e+11;52
9.72e+11;51
1.02e+12;50
1.08e+12;49
1.13e+12;48
1.19e+12;46
1.25e+12;46
1.31e+12;44
1.38e+12;43
1.45e+12;43
1.52e+12;41
1.59e+12;40
1.67e+12;40
1.75e+12;39
1.83e+12;38
1.92e+12;36
2.01e+12;35
2.10e+12;36
2.20e+12;33
2.30e+12;34
2.40e+12;33
2.51e+12;31
2.62e+12;32
2.74e+12;30
2.86e+12;30
2.99e+12;29
3.12e+12;28
3.25e+12;28
3.39e+12;28
3.54e+12;27
3.69e+12;26
3.85e+12;25
4.01e+12;24
4.17e+12;24
4.35e+12;24
4.53e+12;23
4.71e+12;22
4.90e+12;23
5.10e+12;22
5.30e+12;21
5.51e+12;22
5.73e+12;20
5.96e+12;19
6.19e+12;20
6.43e+12;19
6.68e+12;19
6.94e+12;18
7.20e+12;18
7.47e+12;18
7.75e+12;17
8.04e+12;17
8.34e+12;16
8.65e+12;16
8.97e+12;16
9.30e+12;15
9.64e+12;16
9.98e+12;15
1.03e+13;15
1.07e+13;15
1.11e+13;13
1.15e+13;13
1.19e+13;14
1.23e+13;13
1.27e+13;14
1.32e+13;14
1.36e+13;13
1.41e+13;12
1.46e+13;12
1.51e+13;12
1.56e+13;12
1.61e+13;11
1.66e+13;12
1.72e+13;10
1.77e+13;11
1.83e+13;12
1.89e+13;9
1.95e+13;11
2.01e+13;9
2.08e+13;9
2.15e+13;10
2.21e+13;9
2.28e+13;10
2.35e+13;10
2.43e+13;9
2.50e+13;10
2.58e+13;8
2.66e+13;9
2.74e+13;8
2.83e+13;8
2.91e+13;8
3.00e+13;8
3.09e+13;8
3.18e+13;8
3.28e+13;8
3.37e+13;7
3.47e+13;7
3.57e+13;8
3.68e+13;7
3.78e+13;6
3.89e+13;7
4.00e+13;7
4.12e+13;7
4.24e+13;6
4.36e+13;6
4.48e+13;6
4.61e+13;6
4.73e+13;6
4.87e+13;6
5.00e+13;6
5.14e+13;6
5.28e+13;6
5.42e+13;5
5.57e+13;6
5.72e+13;5
5.88e+13;5
6.04e+13;6
6.20e+13;5
6.36e+13;6
6.53e+13;6
6.70e+13;5
6.88e+13;6
7.06e+13;5
7.24e+13;5
7.43e+13;5
7.62e+13;5
7.82e+13;5
8.02e+13;6
8.22e+13;5
8.43e+13;5
8.65e+13;5
8.86e+13;4
9.09e+13;4
9.31e+13;4
9.54e+13;5
9.78e+13;4
1.00e+14;4
1.03e+14;4
1.05e+14;3
1.08e+14;4
1.10e+14;4
1.13e+14;3
1.16e+14;4
1.19e+14;3
1.21e+14;4
1.24e+14;4
1.27e+14;3
1.30e+14;4
1.33e+14;3
1.36e+14;3
1.40e+14;4
1.43e+14;3
1.46e+14;4
1.50e+14;2
1.53e+14;3
1.57e+14;4
1.60e+14;3
1.64e+14;3
1.67e+14;3
1.71e+14;3
1.75e+14;4
1.79e+14;3
1.83e+14;4
1.87e+14;4
1.91e+14;3
1.95e+14;3
2.00e+14;3
2.04e+14;3
2.09e+14;2
2.13e+14;3
2.18e+14;4
2.22e+14;2
2.27e+14;3
2.32e+14;4
2.37e+14;3
2.42e+14;3
2.47e+14;2
2.53e+14;3
2.58e+14;4
2.63e+14;2
2.69e+14;3
2.74e+14;4
2.80e+14;3
2.86e+14;2
2.92e+14;1
2.98e+14;2
3.04e+14;2
3.10e+14;1
3.17e+14;3
3.23e+14;2
3.30e+14;3
3.36e+14;2
